10,216
10,10
10,24
10,96
10,120
10,274
10,144
10,154
11,28
11,6
11,8
11,12
11,26
11,18
8,14
8,4
8,13
59,4
59,3
59,2
59,1
59,0
58,4
58,3
58,2
58,1
58,0
57,4
57,3
57,2
57,1
57,0
54,5
54,4
54,3
54,2
54,1
54,0
52,5
52,4
52,3
52,2
52,1
52,0
49,3
49,2
49,1
49,0
48,5
48,4
48,3
48,2
48,1
48,0
45,5
45,4
45,3
45,2
45,1
45,0
43,5
43,1
39,3
39,1
29,3
29,1
20,3
20,2
20,1
19,3
19,2
19,1
14,4
12,3
12,2
12,1
11,24
11,22
11,16
11,14
11,10
11,3
11,2
11,1
10,288
18,1
10,268
18,3
10,262
10,242
10,198
10,194
10,150
10,64
10,3
14,1
10,2
14,5
10,1
9,7
9,6
9,4
9,3
14,3
9,2
13,1
9,1
8,16
13,3
8,15
8,12
8,10
8,6
8,5
8,3
